0.0100	2.37E-05	1.04E-22
0.0160	5.91E-03	2.95E-07
0.0220	1.03E-02	5.37E-07
0.0280	3.05E-02	1.49E-05
0.0340	7.80E-02	3.00E-04
0.0400	1.31E-01	1.63E-03
0.0459	1.90E-01	5.65E-03
0.0519	2.53E-01	1.53E-02
0.0579	3.00E-01	2.83E-02
0.0639	3.44E-01	4.56E-02
0.0699	3.82E-01	6.27E-02
0.0759	2.39E-01	6.71E-04
0.0819	2.30E-01	3.03E-04
0.0879	2.19E-01	1.48E-04
0.0939	2.21E-01	1.27E-04
0.0999	1.95E-01	8.13E-05
0.1058	1.49E-01	3.90E-05
0.1118	1.25E-01	2.38E-05
0.1178	1.04E-01	1.44E-05
0.1238	9.78E-02	1.13E-05
0.1298	1.00E-01	1.50E-05
0.1358	1.11E-01	2.46E-05
0.1418	1.22E-01	3.87E-05
0.1478	1.27E-01	5.25E-05
0.1538	1.34E-01	7.55E-05
0.1598	1.43E-01	1.10E-04
0.1657	1.45E-01	1.42E-04
0.1717	1.57E-01	2.06E-04
0.1777	1.80E-01	3.39E-04
0.1837	1.97E-01	5.52E-04
0.1897	2.14E-01	8.86E-04
0.1957	2.31E-01	1.36E-03
0.2017	2.47E-01	2.02E-03
0.2077	2.63E-01	2.89E-03
0.2137	2.78E-01	3.99E-03
0.2197	2.93E-01	5.38E-03
0.2256	3.08E-01	7.05E-03
0.2316	3.23E-01	8.89E-03
0.2376	3.36E-01	1.10E-02
0.2436	3.50E-01	1.35E-02
0.2496	3.63E-01	1.62E-02
0.2556	3.76E-01	1.93E-02
0.2616	3.88E-01	2.28E-02
0.2676	4.01E-01	2.67E-02
0.2736	4.14E-01	3.16E-02
0.2796	4.26E-01	3.72E-02
0.2855	4.39E-01	4.32E-02
0.2915	4.50E-01	4.97E-02
0.2975	4.61E-01	5.67E-02
0.3035	4.72E-01	6.40E-02
0.3095	4.83E-01	7.19E-02
0.3155	4.93E-01	8.00E-02
0.3215	5.03E-01	8.85E-02
0.3275	5.12E-01	9.74E-02
0.3335	5.21E-01	1.06E-01
0.3395	5.29E-01	1.16E-01
0.3454	5.37E-01	1.25E-01
0.3514	5.45E-01	1.35E-01
0.3574	5.53E-01	1.45E-01
0.3634	5.60E-01	1.54E-01
0.3694	5.67E-01	1.63E-01
0.3754	5.73E-01	1.73E-01
0.3814	5.80E-01	1.83E-01
0.3874	5.86E-01	1.92E-01
0.3934	5.92E-01	2.02E-01
0.3994	5.98E-01	2.11E-01
0.4053	6.04E-01	2.21E-01
0.4113	5.16E-01	1.36E-01
0.4173	5.23E-01	1.44E-01
0.4233	5.30E-01	1.52E-01
0.4293	5.37E-01	1.60E-01
0.4353	5.43E-01	1.68E-01
0.4413	5.49E-01	1.76E-01
0.4473	5.56E-01	1.85E-01
0.4533	5.61E-01	1.94E-01
0.4593	5.67E-01	2.02E-01
0.4652	5.73E-01	2.11E-01
0.4712	5.78E-01	2.19E-01
0.4772	5.83E-01	2.28E-01
0.4832	5.88E-01	2.36E-01
0.4892	5.93E-01	2.44E-01
0.4952	5.98E-01	2.53E-01
0.5012	6.03E-01	2.61E-01
0.5072	6.07E-01	2.69E-01
0.5132	6.11E-01	2.77E-01
0.5192	6.16E-01	2.86E-01
0.5251	6.20E-01	2.94E-01
0.5311	6.23E-01	3.01E-01
0.5371	6.27E-01	3.09E-01
0.5431	6.28E-01	3.10E-01
0.5491	6.30E-01	3.13E-01
0.5551	6.33E-01	3.20E-01
0.5611	6.37E-01	3.28E-01
0.5671	6.40E-01	3.35E-01
0.5731	6.43E-01	3.43E-01
0.5791	6.47E-01	3.50E-01
0.5850	6.50E-01	3.58E-01
0.5910	6.53E-01	3.65E-01
0.5970	6.56E-01	3.72E-01
0.6030	6.59E-01	3.79E-01
0.6090	6.62E-01	3.86E-01
0.6150	6.65E-01	3.93E-01
0.6210	6.67E-01	4.00E-01
0.6270	6.70E-01	4.06E-01
0.6330	6.72E-01	4.13E-01
0.6390	6.75E-01	4.19E-01
0.6449	6.77E-01	4.25E-01
0.6509	6.79E-01	4.32E-01
0.6569	6.82E-01	4.38E-01
0.6629	6.84E-01	4.44E-01
0.6689	6.86E-01	4.50E-01
0.6749	6.88E-01	4.55E-01
0.6809	6.90E-01	4.61E-01
0.6869	6.92E-01	4.66E-01
0.6929	6.94E-01	4.71E-01
0.6989	6.95E-01	4.76E-01
0.7048	6.97E-01	4.81E-01
0.7108	6.99E-01	4.86E-01
0.7168	7.00E-01	4.91E-01
0.7228	7.02E-01	4.96E-01
0.7288	7.04E-01	5.00E-01
0.7348	7.05E-01	5.05E-01
0.7408	7.07E-01	5.09E-01
0.7468	7.08E-01	5.14E-01
0.7528	7.09E-01	5.18E-01
0.7588	7.11E-01	5.22E-01
0.7647	7.12E-01	5.26E-01
0.7707	7.13E-01	5.30E-01
0.7767	7.15E-01	5.34E-01
0.7827	7.16E-01	5.38E-01
0.7887	7.17E-01	5.42E-01
0.7947	7.18E-01	5.46E-01
0.8007	7.20E-01	5.50E-01
0.8067	7.21E-01	5.54E-01
0.8127	7.22E-01	5.57E-01
0.8187	7.23E-01	5.61E-01
0.8246	7.24E-01	5.64E-01
0.8306	7.25E-01	5.68E-01
0.8366	7.26E-01	5.71E-01
0.8426	7.27E-01	5.74E-01
0.8486	7.28E-01	5.77E-01
0.8546	7.29E-01	5.81E-01
0.8606	7.30E-01	5.84E-01
0.8666	7.31E-01	5.87E-01
0.8726	7.32E-01	5.90E-01
0.8786	7.32E-01	5.92E-01
0.8845	7.33E-01	5.95E-01
0.8905	7.34E-01	5.98E-01
0.8965	7.35E-01	6.01E-01
0.9025	7.36E-01	6.03E-01
0.9085	7.37E-01	6.06E-01
0.9145	7.37E-01	6.09E-01
0.9205	7.38E-01	6.11E-01
0.9265	7.39E-01	6.14E-01
0.9325	7.40E-01	6.16E-01
0.9385	7.40E-01	6.19E-01
0.9444	7.41E-01	6.21E-01
0.9504	7.42E-01	6.23E-01
0.9564	7.42E-01	6.26E-01
0.9624	7.43E-01	6.28E-01
0.9684	7.44E-01	6.30E-01
0.9744	7.44E-01	6.32E-01
0.9804	7.45E-01	6.34E-01
0.9864	7.46E-01	6.36E-01
0.9924	7.46E-01	6.38E-01
0.9984	7.47E-01	6.41E-01
1.0043	7.48E-01	6.42E-01
1.0103	7.48E-01	6.44E-01
1.0163	7.49E-01	6.46E-01
1.0223	7.50E-01	6.48E-01
1.0283	7.50E-01	6.50E-01
1.0343	7.51E-01	6.52E-01
1.0403	7.51E-01	6.54E-01
1.0463	7.52E-01	6.55E-01
1.0523	7.53E-01	6.57E-01
1.0583	7.53E-01	6.59E-01
1.0642	7.54E-01	6.61E-01
1.0702	7.54E-01	6.62E-01
1.0762	7.55E-01	6.64E-01
1.0822	7.56E-01	6.66E-01
1.0882	7.56E-01	6.67E-01
1.0942	7.57E-01	6.69E-01
1.1002	7.57E-01	6.71E-01
1.1062	7.58E-01	6.72E-01
1.1122	7.59E-01	6.74E-01
1.1182	7.59E-01	6.75E-01
1.1241	7.60E-01	6.77E-01
1.1301	7.60E-01	6.78E-01
1.1361	7.61E-01	6.80E-01
1.1421	7.62E-01	6.81E-01
1.1481	7.62E-01	6.83E-01
1.1541	7.63E-01	6.84E-01
1.1601	7.63E-01	6.86E-01
1.1661	7.64E-01	6.87E-01
1.1721	7.65E-01	6.88E-01
1.1781	7.65E-01	6.90E-01
1.1840	7.66E-01	6.91E-01
1.1900	7.66E-01	6.92E-01
1.1960	7.67E-01	6.94E-01
1.2020	7.68E-01	6.95E-01
1.2080	7.68E-01	6.96E-01
1.2140	7.69E-01	6.98E-01
1.2200	7.70E-01	6.99E-01
1.2260	7.70E-01	7.00E-01
1.2320	7.71E-01	7.02E-01
1.2380	7.72E-01	7.03E-01
1.2439	7.72E-01	7.04E-01
1.2499	7.73E-01	7.06E-01
1.2559	7.73E-01	7.07E-01
1.2619	7.74E-01	7.08E-01
1.2679	7.75E-01	7.09E-01
1.2739	7.76E-01	7.11E-01
1.2799	7.76E-01	7.12E-01
1.2859	7.77E-01	7.13E-01
1.2919	7.78E-01	7.14E-01
1.2979	7.78E-01	7.16E-01
1.3038	7.79E-01	7.17E-01
1.3098	7.80E-01	7.18E-01
1.3158	7.80E-01	7.19E-01
1.3218	7.81E-01	7.21E-01
1.3278	7.82E-01	7.22E-01
1.3338	7.83E-01	7.23E-01
1.3398	7.83E-01	7.24E-01
1.3458	7.84E-01	7.25E-01
1.3518	7.85E-01	7.27E-01
1.3578	7.86E-01	7.28E-01
1.3637	7.86E-01	7.29E-01
1.3697	7.87E-01	7.30E-01
1.3757	7.88E-01	7.32E-01
1.3817	7.89E-01	7.33E-01
1.3877	7.89E-01	7.34E-01
1.3937	7.90E-01	7.35E-01
1.3997	7.91E-01	7.36E-01
1.4057	7.92E-01	7.37E-01
1.4117	7.92E-01	7.39E-01
1.4177	7.93E-01	7.40E-01
1.4236	7.94E-01	7.41E-01
1.4296	7.95E-01	7.42E-01
1.4356	7.96E-01	7.43E-01
1.4416	7.96E-01	7.45E-01
1.4476	7.97E-01	7.46E-01
1.4536	7.98E-01	7.47E-01
1.4596	7.99E-01	7.48E-01
1.4656	8.00E-01	7.49E-01
1.4716	8.00E-01	7.50E-01
1.4776	8.01E-01	7.52E-01
1.4835	8.02E-01	7.53E-01
1.4895	8.03E-01	7.54E-01
1.4955	8.04E-01	7.55E-01
1.5015	8.05E-01	7.56E-01
1.5075	8.05E-01	7.57E-01
1.5135	8.06E-01	7.59E-01
1.5195	8.07E-01	7.60E-01
1.5255	8.08E-01	7.61E-01
1.5315	8.09E-01	7.62E-01
1.5375	8.10E-01	7.63E-01
1.5434	8.11E-01	7.65E-01
1.5494	8.11E-01	7.66E-01
1.5554	8.12E-01	7.67E-01
1.5614	7.87E-01	5.83E-01
1.5674	7.88E-01	5.85E-01
1.5734	7.89E-01	5.87E-01
1.5794	7.90E-01	5.89E-01
1.5854	7.91E-01	5.92E-01
1.5914	7.92E-01	5.94E-01
1.5974	7.93E-01	5.96E-01
1.6033	7.94E-01	5.98E-01
1.6093	7.95E-01	6.01E-01
1.6153	7.96E-01	6.03E-01
1.6213	7.98E-01	6.05E-01
1.6273	7.99E-01	6.07E-01
1.6333	8.00E-01	6.09E-01
1.6393	8.01E-01	6.12E-01
1.6453	8.02E-01	6.14E-01
1.6513	8.03E-01	6.16E-01
1.6573	8.04E-01	6.18E-01
1.6632	8.05E-01	6.20E-01
1.6692	8.06E-01	6.22E-01
1.6752	8.07E-01	6.24E-01
1.6812	8.08E-01	6.26E-01
1.6872	8.09E-01	6.29E-01
1.6932	8.10E-01	6.31E-01
1.6992	8.11E-01	6.33E-01
1.7052	8.12E-01	6.35E-01
1.7112	8.13E-01	6.37E-01
1.7172	8.14E-01	6.39E-01
1.7231	8.15E-01	6.41E-01
1.7291	8.16E-01	6.43E-01
1.7351	8.17E-01	6.45E-01
1.7411	8.18E-01	6.47E-01
1.7471	8.19E-01	6.49E-01
1.7531	8.20E-01	6.51E-01
1.7591	8.21E-01	6.53E-01
1.7651	8.22E-01	6.55E-01
1.7711	8.23E-01	6.57E-01
1.7771	8.24E-01	6.59E-01
1.7830	8.25E-01	6.61E-01
1.7890	8.26E-01	6.63E-01
1.7950	8.27E-01	6.65E-01
1.8010	8.28E-01	6.67E-01
1.8070	8.29E-01	6.69E-01
1.8130	8.30E-01	6.71E-01
1.8190	8.31E-01	6.73E-01
1.8250	8.32E-01	6.74E-01
1.8310	8.33E-01	6.76E-01
1.8370	8.34E-01	6.78E-01
1.8429	7.37E-01	5.83E-01
1.8489	7.38E-01	5.85E-01
1.8549	7.38E-01	5.86E-01
1.8609	7.38E-01	5.87E-01
1.8669	7.39E-01	5.88E-01
1.8729	7.39E-01	5.90E-01
1.8789	7.39E-01	5.91E-01
1.8849	7.40E-01	5.92E-01
1.8909	7.40E-01	5.93E-01
1.8969	7.40E-01	5.95E-01
1.9028	7.41E-01	5.96E-01
1.9088	7.41E-01	5.97E-01
1.9148	7.41E-01	5.98E-01
1.9208	7.41E-01	5.99E-01
1.9268	7.42E-01	6.00E-01
1.9328	7.42E-01	6.02E-01
1.9388	7.42E-01	6.03E-01
1.9448	7.43E-01	6.04E-01
1.9508	7.43E-01	6.05E-01
1.9568	7.43E-01	6.06E-01
1.9627	7.43E-01	6.07E-01
1.9687	7.44E-01	6.08E-01
1.9747	7.44E-01	6.09E-01
1.9807	7.44E-01	6.10E-01
1.9867	7.44E-01	6.11E-01
1.9927	7.45E-01	6.13E-01
1.9987	7.45E-01	6.14E-01
2.0047	7.45E-01	6.15E-01
2.0107	7.45E-01	6.16E-01
2.0167	7.46E-01	6.17E-01
2.0226	7.46E-01	6.18E-01
2.0286	7.46E-01	6.19E-01
2.0346	7.46E-01	6.20E-01
2.0406	7.47E-01	6.21E-01
2.0466	7.47E-01	6.22E-01
2.0526	7.47E-01	6.23E-01
2.0586	7.47E-01	6.24E-01
2.0646	7.48E-01	6.25E-01
2.0706	7.48E-01	6.25E-01
2.0766	7.48E-01	6.26E-01
2.0825	7.48E-01	6.27E-01
2.0885	7.49E-01	6.28E-01
2.0945	7.49E-01	6.29E-01
2.1005	7.49E-01	6.30E-01
2.1065	7.49E-01	6.31E-01
2.1125	7.49E-01	6.32E-01
2.1185	7.50E-01	6.33E-01
2.1245	7.50E-01	6.34E-01
2.1305	7.50E-01	6.35E-01
2.1365	7.50E-01	6.36E-01
2.1424	7.51E-01	6.36E-01
2.1484	7.51E-01	6.37E-01
2.1544	7.51E-01	6.38E-01
2.1604	7.51E-01	6.39E-01
2.1664	7.51E-01	6.40E-01
2.1724	7.52E-01	6.41E-01
2.1784	7.52E-01	6.42E-01
2.1844	7.52E-01	6.42E-01
2.1904	7.52E-01	6.43E-01
2.1964	7.52E-01	6.44E-01
2.2023	7.53E-01	6.45E-01
2.2083	7.53E-01	6.46E-01
2.2143	7.53E-01	6.46E-01
2.2203	7.53E-01	6.47E-01
2.2263	7.53E-01	6.48E-01
2.2323	7.53E-01	6.49E-01
2.2383	7.54E-01	6.50E-01
2.2443	7.54E-01	6.50E-01
2.2503	7.54E-01	6.51E-01
2.2563	7.54E-01	6.52E-01
2.2622	7.54E-01	6.53E-01
2.2682	7.55E-01	6.53E-01
2.2742	7.55E-01	6.54E-01
2.2802	7.55E-01	6.55E-01
2.2862	7.55E-01	6.56E-01
2.2922	7.55E-01	6.56E-01
2.2982	7.56E-01	6.57E-01
2.3042	7.56E-01	6.58E-01
2.3102	7.56E-01	6.59E-01
2.3162	7.56E-01	6.59E-01
2.3221	7.56E-01	6.60E-01
2.3281	7.56E-01	6.61E-01
2.3341	7.57E-01	6.61E-01
2.3401	7.57E-01	6.62E-01
2.3461	7.57E-01	6.63E-01
2.3521	7.57E-01	6.63E-01
2.3581	7.57E-01	6.64E-01
2.3641	7.57E-01	6.65E-01
2.3701	7.58E-01	6.65E-01
2.3761	7.58E-01	6.66E-01
2.3820	7.58E-01	6.67E-01
2.3880	7.58E-01	6.67E-01
2.3940	7.58E-01	6.68E-01
2.4000	7.58E-01	6.69E-01
2.4060	7.59E-01	6.69E-01
2.4120	7.59E-01	6.70E-01
2.4180	7.59E-01	6.71E-01
2.4240	7.59E-01	6.71E-01
2.4300	7.59E-01	6.72E-01
2.4360	7.59E-01	6.72E-01
2.4419	7.60E-01	6.73E-01
2.4479	7.60E-01	6.74E-01
2.4539	7.60E-01	6.74E-01
2.4599	7.60E-01	6.75E-01
2.4659	7.60E-01	6.75E-01
2.4719	7.60E-01	6.76E-01
2.4779	7.60E-01	6.77E-01
2.4839	7.61E-01	6.77E-01
2.4899	7.61E-01	6.78E-01
2.4959	7.61E-01	6.78E-01
2.5018	7.61E-01	6.79E-01
2.5078	7.61E-01	6.80E-01
2.5138	7.61E-01	6.80E-01
2.5198	7.62E-01	6.81E-01
2.5258	7.62E-01	6.81E-01
2.5318	7.62E-01	6.82E-01
2.5378	7.62E-01	6.82E-01
2.5438	7.62E-01	6.83E-01
2.5498	7.62E-01	6.83E-01
2.5558	7.63E-01	6.84E-01
2.5617	7.63E-01	6.85E-01
2.5677	7.63E-01	6.85E-01
2.5737	7.63E-01	6.86E-01
2.5797	7.63E-01	6.86E-01
2.5857	7.63E-01	6.87E-01
2.5917	7.63E-01	6.87E-01
2.5977	7.64E-01	6.88E-01
2.6037	7.64E-01	6.88E-01
2.6097	7.64E-01	6.89E-01
2.6157	7.64E-01	6.89E-01
2.6216	7.64E-01	6.90E-01
2.6276	7.64E-01	6.90E-01
2.6336	7.65E-01	6.91E-01
2.6396	7.65E-01	6.91E-01
2.6456	7.65E-01	6.92E-01
2.6516	7.65E-01	6.92E-01
2.6576	7.65E-01	6.93E-01
2.6636	7.65E-01	6.94E-01
2.6696	7.66E-01	6.94E-01
2.6756	7.66E-01	6.95E-01
2.6815	7.66E-01	6.95E-01
2.6875	7.66E-01	6.96E-01
2.6935	7.66E-01	6.96E-01
2.6995	7.66E-01	6.96E-01
2.7055	7.67E-01	6.97E-01
2.7115	7.67E-01	6.97E-01
2.7175	7.67E-01	6.98E-01
2.7235	7.67E-01	6.98E-01
2.7295	7.67E-01	6.99E-01
2.7355	7.67E-01	6.99E-01
2.7414	7.68E-01	7.00E-01
2.7474	7.68E-01	7.00E-01
2.7534	7.68E-01	7.01E-01
2.7594	7.68E-01	7.01E-01
2.7654	7.68E-01	7.02E-01
2.7714	7.68E-01	7.02E-01
2.7774	7.69E-01	7.03E-01
2.7834	7.69E-01	7.03E-01
2.7894	7.69E-01	7.04E-01
2.7954	7.69E-01	7.04E-01
2.8013	7.69E-01	7.05E-01
2.8073	7.69E-01	7.05E-01
2.8133	7.70E-01	7.06E-01
2.8193	7.70E-01	7.06E-01
2.8253	7.70E-01	7.06E-01
2.8313	7.70E-01	7.07E-01
2.8373	7.70E-01	7.07E-01
2.8433	7.71E-01	7.08E-01
2.8493	7.71E-01	7.08E-01
2.8553	7.71E-01	7.09E-01
2.8612	7.71E-01	7.09E-01
2.8672	7.71E-01	7.10E-01
2.8732	7.71E-01	7.10E-01
2.8792	7.72E-01	7.11E-01
2.8852	7.72E-01	7.11E-01
2.8912	7.72E-01	7.11E-01
2.8972	7.72E-01	7.12E-01
2.9032	7.72E-01	7.12E-01
2.9092	7.73E-01	7.13E-01
2.9152	7.73E-01	7.13E-01
2.9211	7.73E-01	7.14E-01
2.9271	7.73E-01	7.14E-01
2.9331	7.73E-01	7.15E-01
2.9391	7.74E-01	7.15E-01
2.9451	7.74E-01	7.15E-01
2.9511	7.74E-01	7.16E-01
2.9571	7.74E-01	7.16E-01
2.9631	7.74E-01	7.17E-01
2.9691	7.75E-01	7.17E-01
2.9751	7.75E-01	7.18E-01
2.9810	7.75E-01	7.18E-01
2.9870	7.75E-01	7.19E-01
2.9930	7.75E-01	7.19E-01
2.9990	7.76E-01	7.19E-01
3.0050	7.76E-01	7.20E-01
3.0110	7.76E-01	7.20E-01
3.0170	7.76E-01	7.21E-01
3.0230	7.76E-01	7.21E-01
3.0290	7.77E-01	7.22E-01
3.0350	7.77E-01	7.22E-01
3.0409	7.77E-01	7.22E-01
3.0469	7.77E-01	7.23E-01
3.0529	7.77E-01	7.23E-01
3.0589	7.78E-01	7.24E-01
3.0649	7.78E-01	7.24E-01
3.0709	7.78E-01	7.25E-01
3.0769	7.78E-01	7.25E-01
3.0829	7.79E-01	7.25E-01
3.0889	7.79E-01	7.26E-01
3.0949	7.79E-01	7.26E-01
3.1008	7.79E-01	7.27E-01
3.1068	7.79E-01	7.27E-01
3.1128	7.80E-01	7.28E-01
3.1188	7.80E-01	7.28E-01
3.1248	7.80E-01	7.29E-01
3.1308	7.80E-01	7.29E-01
3.1368	7.81E-01	7.29E-01
3.1428	7.81E-01	7.30E-01
3.1488	7.81E-01	7.30E-01
3.1548	7.81E-01	7.31E-01
3.1607	7.82E-01	7.31E-01
3.1667	7.82E-01	7.32E-01
3.1727	7.82E-01	7.32E-01
3.1787	7.82E-01	7.32E-01
3.1847	7.82E-01	7.33E-01
3.1907	7.83E-01	7.33E-01
3.1967	7.83E-01	7.34E-01
3.2027	7.83E-01	7.34E-01
3.2087	7.83E-01	7.35E-01
3.2147	7.84E-01	7.35E-01
3.2206	7.84E-01	7.35E-01
3.2266	7.84E-01	7.36E-01
3.2326	7.84E-01	7.36E-01
3.2386	7.85E-01	7.37E-01
3.2446	7.85E-01	7.37E-01
3.2506	7.85E-01	7.37E-01
3.2566	7.85E-01	7.38E-01
3.2626	7.86E-01	7.38E-01
3.2686	7.86E-01	7.39E-01
3.2746	7.86E-01	7.39E-01
3.2805	7.86E-01	7.40E-01
3.2865	7.87E-01	7.40E-01
3.2925	7.87E-01	7.40E-01
3.2985	7.87E-01	7.41E-01
3.3045	7.87E-01	7.41E-01
3.3105	7.88E-01	7.42E-01
3.3165	7.88E-01	7.42E-01
3.3225	7.88E-01	7.43E-01
3.3285	7.89E-01	7.43E-01
3.3345	7.89E-01	7.43E-01
3.3404	7.89E-01	7.44E-01
3.3464	7.89E-01	7.44E-01
3.3524	7.90E-01	7.45E-01
3.3584	7.90E-01	7.45E-01
3.3644	7.90E-01	7.46E-01
3.3704	7.90E-01	7.46E-01
3.3764	7.91E-01	7.46E-01
3.3824	7.91E-01	7.47E-01
3.3884	7.91E-01	7.47E-01
3.3944	7.91E-01	7.48E-01
3.4003	7.92E-01	7.48E-01
3.4063	7.92E-01	7.49E-01
3.4123	7.92E-01	7.49E-01
3.4183	7.93E-01	7.49E-01
3.4243	7.93E-01	7.50E-01
3.4303	7.93E-01	7.50E-01
3.4363	7.93E-01	7.51E-01
3.4423	7.94E-01	7.51E-01
3.4483	7.94E-01	7.52E-01
3.4543	7.94E-01	7.52E-01
3.4602	7.95E-01	7.52E-01
3.4662	7.95E-01	7.53E-01
3.4722	7.95E-01	7.53E-01
3.4782	7.95E-01	7.54E-01
3.4842	7.96E-01	7.54E-01
3.4902	7.96E-01	7.55E-01
3.4962	7.96E-01	7.55E-01
3.5022	7.97E-01	7.55E-01
3.5082	7.97E-01	7.56E-01
3.5142	7.97E-01	7.56E-01
3.5201	7.97E-01	7.57E-01
3.5261	7.98E-01	7.57E-01
3.5321	7.98E-01	7.58E-01
3.5381	7.98E-01	7.58E-01
3.5441	7.99E-01	7.58E-01
3.5501	7.99E-01	7.59E-01
3.5561	7.99E-01	7.59E-01
3.5621	8.00E-01	7.60E-01
3.5681	8.00E-01	7.60E-01
3.5741	8.00E-01	7.61E-01
3.5800	8.00E-01	7.61E-01
3.5860	8.01E-01	7.61E-01
3.5920	8.01E-01	7.62E-01
3.5980	8.01E-01	7.62E-01
3.6040	8.02E-01	7.63E-01
3.6100	8.02E-01	7.63E-01
3.6160	8.02E-01	7.64E-01
3.6220	8.03E-01	7.64E-01
3.6280	8.03E-01	7.64E-01
3.6340	8.03E-01	7.65E-01
3.6399	8.03E-01	7.65E-01
3.6459	8.04E-01	7.66E-01
3.6519	8.04E-01	7.66E-01
3.6579	8.04E-01	7.67E-01
3.6639	8.05E-01	7.67E-01
3.6699	8.05E-01	7.68E-01
3.6759	8.05E-01	7.68E-01
3.6819	8.06E-01	7.68E-01
3.6879	8.06E-01	7.69E-01
3.6939	8.06E-01	7.69E-01
3.6998	8.07E-01	7.70E-01
3.7058	8.07E-01	7.70E-01
3.7118	8.07E-01	7.71E-01
3.7178	8.07E-01	7.71E-01
3.7238	8.08E-01	7.71E-01
3.7298	8.08E-01	7.72E-01
3.7358	8.08E-01	7.72E-01
3.7418	8.09E-01	7.73E-01
3.7478	8.09E-01	7.73E-01
3.7538	8.09E-01	7.74E-01
3.7597	8.10E-01	7.74E-01
3.7657	8.10E-01	7.74E-01
3.7717	8.10E-01	7.75E-01
3.7777	8.11E-01	7.75E-01
3.7837	8.11E-01	7.76E-01
3.7897	8.11E-01	7.76E-01
3.7957	8.12E-01	7.77E-01
3.8017	8.12E-01	7.77E-01
3.8077	8.12E-01	7.77E-01
3.8137	8.13E-01	7.78E-01
3.8196	8.13E-01	7.78E-01
3.8256	8.13E-01	7.79E-01
3.8316	8.14E-01	7.79E-01
3.8376	8.14E-01	7.80E-01
3.8436	8.14E-01	7.80E-01
3.8496	8.15E-01	7.80E-01
3.8556	8.15E-01	7.81E-01
3.8616	8.15E-01	7.81E-01
3.8676	8.15E-01	7.82E-01
3.8736	8.16E-01	7.82E-01
3.8795	8.16E-01	7.83E-01
3.8855	8.16E-01	7.83E-01
3.8915	8.17E-01	7.83E-01
3.8975	8.17E-01	7.84E-01
3.9035	8.17E-01	7.84E-01
3.9095	8.18E-01	7.85E-01
3.9155	8.18E-01	7.85E-01
3.9215	8.18E-01	7.85E-01
3.9275	8.19E-01	7.86E-01
3.9335	8.19E-01	7.86E-01
3.9394	8.19E-01	7.87E-01
3.9454	8.20E-01	7.87E-01
3.9514	8.20E-01	7.88E-01
3.9574	8.20E-01	7.88E-01
3.9634	8.21E-01	7.88E-01
3.9694	8.21E-01	7.89E-01
3.9754	8.21E-01	7.89E-01
3.9814	8.22E-01	7.90E-01
3.9874	8.22E-01	7.90E-01
3.9934	8.22E-01	7.91E-01
3.9993	8.23E-01	7.91E-01
4.0053	8.23E-01	7.91E-01
4.0113	8.23E-01	7.92E-01
4.0173	8.24E-01	7.92E-01
4.0233	8.24E-01	7.93E-01
4.0293	8.24E-01	7.93E-01
4.0353	8.25E-01	7.94E-01
4.0413	8.25E-01	7.94E-01
4.0473	8.25E-01	7.94E-01
4.0533	8.26E-01	7.95E-01
4.0592	8.26E-01	7.95E-01
4.0652	8.26E-01	7.96E-01
4.0712	8.27E-01	7.96E-01
4.0772	8.27E-01	7.96E-01
4.0832	8.27E-01	7.97E-01
4.0892	8.28E-01	7.97E-01
4.0952	8.28E-01	7.98E-01
4.1012	8.28E-01	7.98E-01
4.1072	8.29E-01	7.99E-01
4.1132	8.29E-01	7.99E-01
4.1191	8.29E-01	7.99E-01
4.1251	8.30E-01	8.00E-01
4.1311	8.30E-01	8.00E-01
4.1371	8.30E-01	8.01E-01
4.1431	8.31E-01	8.01E-01
4.1491	8.31E-01	8.01E-01
4.1551	8.31E-01	8.02E-01
4.1611	8.32E-01	8.02E-01
4.1671	8.32E-01	8.03E-01
4.1731	8.32E-01	8.03E-01
4.1790	8.33E-01	8.04E-01
4.1850	8.33E-01	8.04E-01
4.1910	8.33E-01	8.04E-01
4.1970	8.34E-01	8.05E-01
4.2030	8.34E-01	8.05E-01
4.2090	8.34E-01	8.06E-01
4.2150	8.35E-01	8.06E-01
4.2210	8.35E-01	8.06E-01
4.2270	8.35E-01	8.07E-01
4.2330	8.35E-01	8.07E-01
4.2389	8.36E-01	8.08E-01
4.2449	8.36E-01	8.08E-01
4.2509	8.36E-01	8.08E-01
4.2569	8.37E-01	8.09E-01
4.2629	8.37E-01	8.09E-01
4.2689	8.37E-01	8.10E-01
4.2749	8.38E-01	8.10E-01
4.2809	8.38E-01	8.10E-01
4.2869	8.38E-01	8.11E-01
4.2929	8.39E-01	8.11E-01
4.2988	8.39E-01	8.12E-01
4.3048	8.39E-01	8.12E-01
4.3108	8.40E-01	8.13E-01
4.3168	8.40E-01	8.13E-01
4.3228	8.40E-01	8.13E-01
4.3288	8.41E-01	8.14E-01
4.3348	8.41E-01	8.14E-01
4.3408	8.41E-01	8.15E-01
4.3468	8.42E-01	8.15E-01
4.3528	8.42E-01	8.15E-01
4.3587	8.42E-01	8.16E-01
4.3647	8.43E-01	8.16E-01
4.3707	8.43E-01	8.17E-01
4.3767	8.43E-01	8.17E-01
4.3827	8.44E-01	8.17E-01
4.3887	8.44E-01	8.18E-01
4.3947	8.44E-01	8.18E-01
4.4007	8.45E-01	8.18E-01
4.4067	8.45E-01	8.19E-01
4.4127	8.45E-01	8.19E-01
4.4186	8.46E-01	8.20E-01
4.4246	8.46E-01	8.20E-01
4.4306	8.46E-01	8.20E-01
4.4366	8.47E-01	8.21E-01
4.4426	8.47E-01	8.21E-01
4.4486	8.47E-01	8.22E-01
4.4546	8.47E-01	8.22E-01
4.4606	8.48E-01	8.22E-01
4.4666	8.48E-01	8.23E-01
4.4726	8.48E-01	8.23E-01
4.4785	8.49E-01	8.24E-01
4.4845	8.49E-01	8.24E-01
4.4905	8.49E-01	8.24E-01
4.4965	8.50E-01	8.25E-01
4.5025	8.50E-01	8.25E-01
4.5085	8.50E-01	8.26E-01
4.5145	8.51E-01	8.26E-01
4.5205	8.51E-01	8.26E-01
4.5265	8.51E-01	8.27E-01
4.5325	8.52E-01	8.27E-01
4.5384	8.52E-01	8.27E-01
4.5444	8.52E-01	8.28E-01
4.5504	8.53E-01	8.28E-01
4.5564	8.53E-01	8.29E-01
4.5624	8.53E-01	8.29E-01
4.5684	8.53E-01	8.29E-01
4.5744	8.54E-01	8.30E-01
4.5804	8.54E-01	8.30E-01
4.5864	8.54E-01	8.30E-01
4.5924	8.55E-01	8.31E-01
4.5983	8.55E-01	8.31E-01
4.6043	8.55E-01	8.32E-01
4.6103	8.56E-01	8.32E-01
4.6163	8.56E-01	8.32E-01
4.6223	8.56E-01	8.33E-01
4.6283	8.57E-01	8.33E-01
4.6343	8.57E-01	8.33E-01
4.6403	8.57E-01	8.34E-01
4.6463	8.58E-01	8.34E-01
4.6523	8.58E-01	8.35E-01
4.6582	8.58E-01	8.35E-01
4.6642	8.58E-01	8.35E-01
4.6702	8.59E-01	8.36E-01
4.6762	8.59E-01	8.36E-01
4.6822	8.59E-01	8.36E-01
4.6882	8.60E-01	8.37E-01
4.6942	8.60E-01	8.37E-01
4.7002	8.60E-01	8.38E-01
4.7062	8.61E-01	8.38E-01
4.7122	8.61E-01	8.38E-01
4.7181	8.61E-01	8.39E-01
4.7241	8.61E-01	8.39E-01
4.7301	8.62E-01	8.39E-01
4.7361	8.62E-01	8.40E-01
4.7421	8.62E-01	8.40E-01
4.7481	8.63E-01	8.40E-01
4.7541	8.63E-01	8.41E-01
4.7601	8.63E-01	8.41E-01
4.7661	8.64E-01	8.41E-01
4.7721	8.64E-01	8.42E-01
4.7780	8.64E-01	8.42E-01
4.7840	8.64E-01	8.43E-01
4.7900	8.65E-01	8.43E-01
4.7960	8.65E-01	8.43E-01
4.8020	8.65E-01	8.44E-01
4.8080	8.66E-01	8.44E-01
4.8140	8.66E-01	8.44E-01
4.8200	8.66E-01	8.45E-01
4.8260	8.67E-01	8.45E-01
4.8320	8.67E-01	8.45E-01
4.8379	8.67E-01	8.46E-01
4.8439	8.67E-01	8.46E-01
4.8499	8.68E-01	8.46E-01
4.8559	8.68E-01	8.47E-01
4.8619	8.68E-01	8.47E-01
4.8679	8.69E-01	8.47E-01
4.8739	8.69E-01	8.48E-01
4.8799	8.69E-01	8.48E-01
4.8859	8.69E-01	8.49E-01
4.8919	8.70E-01	8.49E-01
4.8978	8.70E-01	8.49E-01
4.9038	8.70E-01	8.50E-01
4.9098	8.71E-01	8.50E-01
4.9158	8.71E-01	8.50E-01
4.9218	8.71E-01	8.51E-01
4.9278	8.71E-01	8.51E-01
4.9338	8.72E-01	8.51E-01
4.9398	8.72E-01	8.52E-01
4.9458	8.72E-01	8.52E-01
4.9518	8.73E-01	8.52E-01
4.9577	8.73E-01	8.53E-01
4.9637	8.73E-01	8.53E-01
4.9697	8.73E-01	8.53E-01
4.9757	8.74E-01	8.54E-01
4.9817	8.74E-01	8.54E-01
4.9877	8.74E-01	8.54E-01
4.9937	8.75E-01	8.55E-01
4.9997	8.75E-01	8.55E-01
5.0057	8.75E-01	8.55E-01
5.0117	8.75E-01	8.56E-01
5.0176	8.76E-01	8.56E-01
5.0236	8.76E-01	8.56E-01
5.0296	8.76E-01	8.57E-01
5.0356	8.77E-01	8.57E-01
5.0416	8.77E-01	8.57E-01
5.0476	8.77E-01	8.58E-01
5.0536	8.77E-01	8.58E-01
5.0596	8.78E-01	8.58E-01
5.0656	8.78E-01	8.59E-01
5.0716	8.78E-01	8.59E-01
5.0775	8.78E-01	8.59E-01
5.0835	8.79E-01	8.60E-01
5.0895	8.79E-01	8.60E-01
5.0955	8.79E-01	8.60E-01
5.1015	8.80E-01	8.61E-01
5.1075	8.80E-01	8.61E-01
5.1135	8.80E-01	8.61E-01
5.1195	8.80E-01	8.61E-01
5.1255	8.81E-01	8.62E-01
5.1315	8.81E-01	8.62E-01
5.1374	8.81E-01	8.62E-01
5.1434	8.81E-01	8.63E-01
5.1494	8.82E-01	8.63E-01
5.1554	8.82E-01	8.63E-01
5.1614	8.82E-01	8.64E-01
5.1674	8.82E-01	8.64E-01
5.1734	8.83E-01	8.64E-01
5.1794	8.83E-01	8.65E-01
5.1854	8.83E-01	8.65E-01
5.1914	8.84E-01	8.65E-01
5.1973	8.84E-01	8.66E-01
5.2033	8.84E-01	8.66E-01
5.2093	8.84E-01	8.66E-01
5.2153	8.85E-01	8.66E-01
5.2213	8.85E-01	8.67E-01
5.2273	8.85E-01	8.67E-01
5.2333	8.85E-01	8.67E-01
5.2393	8.86E-01	8.68E-01
5.2453	8.86E-01	8.68E-01
5.2513	8.86E-01	8.68E-01
5.2572	8.86E-01	8.69E-01
5.2632	8.87E-01	8.69E-01
5.2692	8.87E-01	8.69E-01
5.2752	8.87E-01	8.70E-01
5.2812	8.87E-01	8.70E-01
5.2872	8.88E-01	8.70E-01
5.2932	8.88E-01	8.70E-01
5.2992	8.88E-01	8.71E-01
5.3052	8.88E-01	8.71E-01
5.3112	8.89E-01	8.71E-01
5.3171	8.89E-01	8.72E-01
5.3231	8.89E-01	8.72E-01
5.3291	8.89E-01	8.72E-01
5.3351	8.90E-01	8.72E-01
5.3411	8.90E-01	8.73E-01
5.3471	8.90E-01	8.73E-01
5.3531	8.90E-01	8.73E-01
5.3591	8.91E-01	8.74E-01
5.3651	8.91E-01	8.74E-01
5.3711	8.91E-01	8.74E-01
5.3770	8.91E-01	8.75E-01
5.3830	8.92E-01	8.75E-01
5.3890	8.92E-01	8.75E-01
5.3950	8.92E-01	8.75E-01
5.4010	8.92E-01	8.76E-01
5.4070	8.93E-01	8.76E-01
5.4130	8.93E-01	8.76E-01
5.4190	8.93E-01	8.77E-01
5.4250	8.93E-01	8.77E-01
5.4310	8.94E-01	8.77E-01
5.4369	8.94E-01	8.77E-01
5.4429	8.94E-01	8.78E-01
5.4489	8.94E-01	8.78E-01
5.4549	8.95E-01	8.78E-01
5.4609	8.95E-01	8.78E-01
5.4669	8.95E-01	8.79E-01
5.4729	8.95E-01	8.79E-01
5.4789	8.96E-01	8.79E-01
5.4849	8.96E-01	8.80E-01
5.4909	8.96E-01	8.80E-01
5.4968	8.96E-01	8.80E-01
5.5028	8.96E-01	8.80E-01
5.5088	8.97E-01	8.81E-01
5.5148	8.97E-01	8.81E-01
5.5208	8.97E-01	8.81E-01
5.5268	8.97E-01	8.82E-01
5.5328	8.98E-01	8.82E-01
5.5388	8.98E-01	8.82E-01
5.5448	8.98E-01	8.82E-01
5.5508	8.98E-01	8.83E-01
5.5567	8.99E-01	8.83E-01
5.5627	8.99E-01	8.83E-01
5.5687	8.99E-01	8.83E-01
5.5747	8.99E-01	8.84E-01
5.5807	8.99E-01	8.84E-01
5.5867	9.00E-01	8.84E-01
5.5927	9.00E-01	8.84E-01
5.5987	9.00E-01	8.85E-01
5.6047	9.00E-01	8.85E-01
5.6107	9.01E-01	8.85E-01
5.6166	9.01E-01	8.86E-01
5.6226	9.01E-01	8.86E-01
5.6286	9.01E-01	8.86E-01
5.6346	9.02E-01	8.86E-01
5.6406	9.02E-01	8.87E-01
5.6466	9.02E-01	8.87E-01
5.6526	9.02E-01	8.87E-01
5.6586	9.02E-01	8.87E-01
5.6646	9.03E-01	8.88E-01
5.6706	9.03E-01	8.88E-01
5.6765	9.03E-01	8.88E-01
5.6825	9.03E-01	8.88E-01
5.6885	9.03E-01	8.89E-01
5.6945	9.04E-01	8.89E-01
5.7005	9.04E-01	8.89E-01
5.7065	9.04E-01	8.89E-01
5.7125	9.04E-01	8.90E-01
5.7185	9.05E-01	8.90E-01
5.7245	9.05E-01	8.90E-01
5.7305	9.05E-01	8.90E-01
5.7364	9.05E-01	8.91E-01
5.7424	9.05E-01	8.91E-01
5.7484	9.06E-01	8.91E-01
5.7544	9.06E-01	8.91E-01
5.7604	9.06E-01	8.92E-01
5.7664	9.06E-01	8.92E-01
5.7724	9.06E-01	8.92E-01
5.7784	9.07E-01	8.92E-01
5.7844	9.07E-01	8.93E-01
5.7904	9.07E-01	8.93E-01
5.7963	9.07E-01	8.93E-01
5.8023	9.08E-01	8.93E-01
5.8083	9.08E-01	8.94E-01
5.8143	9.08E-01	8.94E-01
5.8203	9.08E-01	8.94E-01
5.8263	9.08E-01	8.94E-01
5.8323	9.09E-01	8.95E-01
5.8383	9.09E-01	8.95E-01
5.8443	9.09E-01	8.95E-01
5.8503	9.09E-01	8.95E-01
5.8562	9.09E-01	8.96E-01
5.8622	9.10E-01	8.96E-01
5.8682	9.10E-01	8.96E-01
5.8742	9.10E-01	8.96E-01
5.8802	9.10E-01	8.96E-01
5.8862	9.10E-01	8.97E-01
5.8922	9.11E-01	8.97E-01
5.8982	9.11E-01	8.97E-01
5.9042	9.11E-01	8.97E-01
5.9102	9.11E-01	8.98E-01
5.9161	9.11E-01	8.98E-01
5.9221	9.12E-01	8.98E-01
5.9281	9.12E-01	8.98E-01
5.9341	9.12E-01	8.99E-01
5.9401	9.12E-01	8.99E-01
5.9461	9.12E-01	8.99E-01
5.9521	9.13E-01	8.99E-01
5.9581	9.13E-01	9.00E-01
5.9641	9.13E-01	9.00E-01
5.9701	9.13E-01	9.00E-01
5.9760	9.13E-01	9.00E-01
5.9820	9.14E-01	9.00E-01
5.9880	9.14E-01	9.01E-01
5.9940	9.14E-01	9.01E-01
6.0000	9.14E-01	9.01E-01
